QGC WPL 120
1	1	3	22	0.0	0.0	0.0	nan	10.445997	-75.391791	5.0	1
2	0	3	16	0.0	0.0	0.0	0.0	10.44447745603734	-75.39186384524866	5.0	1
3	0	3	16	0.0	0.0	0.0	0.0	10.44447751210164	-75.39181816056357	5.0	1
4	0	3	16	0.0	0.0	0.0	0.0	10.444432291524407	-75.39181810392732	5.0	1
5	0	3	16	0.0	0.0	0.0	0.0	10.44339221821269	-75.39181680136458	5.0	1
6	0	3	16	0.0	0.0	0.0	0.0	10.443392274264502	-75.39177111683772	5.0	1
7	0	3	16	0.0	0.0	0.0	0.0	10.444477568159405	-75.39177247587824	5.0	1
8	0	3	16	0.0	0.0	0.0	0.0	10.444479190991338	-75.39044761989092	5.0	1
9	0	3	16	0.0	0.0	0.0	0.0	10.444433970406678	-75.39044756345275	5.0	1
10	0	3	16	0.0	0.0	0.0	0.0	10.444433523279915	-75.39081304093537	5.0	1
11	0	3	16	0.0	0.0	0.0	0.0	10.444388302697106	-75.39081298444464	5.0	1
12	0	3	16	0.0	0.0	0.0	0.0	10.444388246777098	-75.3908586691222	5.0	1
13	0	3	16	0.0	0.0	0.0	0.0	10.444433467359659	-75.39085872561954	5.0	1
14	0	3	16	0.0	0.0	0.0	0.0	10.444432739801522	-75.39145262649018	5.0	1
15	0	3	16	0.0	0.0	0.0	0.0	10.444387519222179	-75.39145256990699	5.0	1
16	0	3	16	0.0	0.0	0.0	0.0	10.444388190850551	-75.3909043537995	5.0	1
17	0	3	16	0.0	0.0	0.0	0.0	10.444342970268108	-75.39090429729582	5.0	1
18	0	3	16	0.0	0.0	0.0	0.0	10.44434274649755	-75.39108703597603	5.0	1
19	0	3	16	0.0	0.0	0.0	0.0	10.44429752591597	-75.39108697944619	5.0	1
20	0	3	16	0.0	0.0	0.0	0.0	10.444297581868163	-75.39104129478312	5.0	1
21	0	3	16	0.0	0.0	0.0	0.0	10.444297469957236	-75.391132664109	5.0	1
22	0	3	16	0.0	0.0	0.0	0.0	10.444342690538571	-75.39113272064544	5.0	1
23	0	3	16	0.0	0.0	0.0	0.0	10.444342298642708	-75.39145251332407	5.0	1
24	0	3	16	0.0	0.0	0.0	0.0	10.444297078063105	-75.3914524567414	5.0	1
25	0	3	16	0.0	0.0	0.0	0.0	10.444297413991968	-75.39117834877155	5.0	1
26	0	3	16	0.0	0.0	0.0	0.0	10.444252193410755	-75.39117829222874	5.0	1
27	0	3	16	0.0	0.0	0.0	0.0	10.444252249375776	-75.3911326075728	5.0	1
28	0	3	16	0.0	0.0	0.0	0.0	10.444251969485315	-75.39136103084995	5.0	1
29	0	3	16	0.0	0.0	0.0	0.0	10.444206748904966	-75.391360974281	5.0	1
30	0	3	16	0.0	0.0	0.0	0.0	10.444206692907514	-75.39140665892906	5.0	1
31	0	3	16	0.0	0.0	0.0	0.0	10.444251913487614	-75.3914067155046	5.0	1
32	0	3	16	0.0	0.0	0.0	0.0	10.444251857483376	-75.39145240015898	5.0	1
33	0	3	16	0.0	0.0	0.0	0.0	10.444161416323539	-75.39145228699495	5.0	1
34	0	3	16	0.0	0.0	0.0	0.0	10.444161472327279	-75.39140660235375	5.0	1
35	0	3	16	0.0	0.0	0.0	0.0	10.444161416323539	-75.39145228699495	5.0	1
36	0	3	16	0.0	0.0	0.0	0.0	10.444116195743424	-75.39145223041332	5.0	1
37	0	3	16	0.0	0.0	0.0	0.0	10.444116139733394	-75.39149791504764	5.0	1
38	0	3	16	0.0	0.0	0.0	0.0	10.444251801472605	-75.39149808481312	5.0	1
39	0	3	16	0.0	0.0	0.0	0.0	10.444251745455299	-75.391543769467	5.0	1
40	0	3	16	0.0	0.0	0.0	0.0	10.444070863137089	-75.39154354308712	5.0	1
41	0	3	16	0.0	0.0	0.0	0.0	10.444070919153404	-75.39149785845967	5.0	1
42	0	3	16	0.0	0.0	0.0	0.0	10.444070863137089	-75.39154354308712	5.0	1
43	0	3	16	0.0	0.0	0.0	0.0	10.444025642557214	-75.39154348649281	5.0	1
44	0	3	16	0.0	0.0	0.0	0.0	10.444025698573283	-75.39149780187195	5.0	1
45	0	3	16	0.0	0.0	0.0	0.0	10.443980477993032	-75.39149774528448	5.0	1
46	0	3	16	0.0	0.0	0.0	0.0	10.443980421977212	-75.39154342989875	5.0	1
47	0	3	16	0.0	0.0	0.0	0.0	10.443935201397084	-75.39154337330494	5.0	1
48	0	3	16	0.0	0.0	0.0	0.0	10.443935257412656	-75.39149768869729	5.0	1
49	0	3	16	0.0	0.0	0.0	0.0	10.44389003683215	-75.39149763211034	5.0	1
50	0	3	16	0.0	0.0	0.0	0.0	10.443889980816824	-75.39154331671139	5.0	1
51	0	3	16	0.0	0.0	0.0	0.0	10.44384476023644	-75.39154326011811	5.0	1
52	0	3	16	0.0	0.0	0.0	0.0	10.443844816251515	-75.39149757552366	5.0	1
53	0	3	16	0.0	0.0	0.0	0.0	10.443799595670754	-75.39149751893724	5.0	1
54	0	3	16	0.0	0.0	0.0	0.0	10.443799539655926	-75.39154320352507	5.0	1
55	0	3	16	0.0	0.0	0.0	0.0	10.443754319075282	-75.3915431469323	5.0	1
56	0	3	16	0.0	0.0	0.0	0.0	10.44375443109791	-75.39145177776956	5.0	1
57	0	3	16	0.0	0.0	0.0	0.0	10.443709210516644	-75.39145172119025	5.0	1
58	0	3	16	0.0	0.0	0.0	0.0	10.443709266517907	-75.3914060366151	5.0	1
59	0	3	16	0.0	0.0	0.0	0.0	10.443664045936268	-75.39140598004266	5.0	1
60	0	3	16	0.0	0.0	0.0	0.0	10.443663989935251	-75.39145166461121	5.0	1
61	0	3	16	0.0	0.0	0.0	0.0	10.443573548772079	-75.39145155145388	5.0	1
62	0	3	16	0.0	0.0	0.0	0.0	10.443573604772597	-75.39140586689855	5.0	1
63	0	3	16	0.0	0.0	0.0	0.0	10.443618825354495	-75.39140592347046	5.0	1
64	0	3	16	0.0	0.0	0.0	0.0	10.443618881348728	-75.39136023890826	5.0	1
65	0	3	16	0.0	0.0	0.0	0.0	10.44352844018431	-75.39136012577788	5.0	1
66	0	3	16	0.0	0.0	0.0	0.0	10.44352827218349	-75.39149717942412	5.0	1
67	0	3	16	0.0	0.0	0.0	0.0	10.443709154508845	-75.39149740576516	5.0	1
68	0	3	16	0.0	0.0	0.0	0.0	10.443709098494512	-75.3915430903398	5.0	1
69	0	3	16	0.0	0.0	0.0	0.0	10.443482995588738	-75.39154280738113	5.0	1
70	0	3	16	0.0	0.0	0.0	0.0	10.443483275588864	-75.39131438467041	5.0	1
71	0	3	16	0.0	0.0	0.0	0.0	10.44352849617151	-75.3913144412286	5.0	1
72	0	3	16	0.0	0.0	0.0	0.0	10.443528552152175	-75.39126875667908	5.0	1
73	0	3	16	0.0	0.0	0.0	0.0	10.443483331569281	-75.39126870012748	5.0	1
74	0	3	16	0.0	0.0	0.0	0.0	10.443484170491294	-75.39058343195265	5.0	1
75	0	3	16	0.0	0.0	0.0	0.0	10.443619832250732	-75.3905836013111	5.0	1
76	0	3	16	0.0	0.0	0.0	0.0	10.443619776367607	-75.39062928587772	5.0	1
77	0	3	16	0.0	0.0	0.0	0.0	10.443529335195269	-75.39062917295861	5.0	1
78	0	3	16	0.0	0.0	0.0	0.0	10.443528999762226	-75.39090328027358	5.0	1
79	0	3	16	0.0	0.0	0.0	0.0	10.443529055684072	-75.39085759572173	5.0	1
80	0	3	16	0.0	0.0	0.0	0.0	10.443574276269068	-75.39085765221417	5.0	1
81	0	3	16	0.0	0.0	0.0	0.0	10.443574499892085	-75.39067491397778	5.0	1
82	0	3	16	0.0	0.0	0.0	0.0	10.443619720477942	-75.39067497044407	5.0	1
83	0	3	16	0.0	0.0	0.0	0.0	10.443619664581744	-75.39072065501016	5.0	1
84	0	3	16	0.0	0.0	0.0	0.0	10.443619720477942	-75.39067497044407	5.0	1
85	0	3	16	0.0	0.0	0.0	0.0	10.443664941063675	-75.39067502691061	5.0	1
86	0	3	16	0.0	0.0	0.0	0.0	10.443665052836959	-75.39058365776445	5.0	1
87	0	3	16	0.0	0.0	0.0	0.0	10.443710273423052	-75.39058371421805	5.0	1
88	0	3	16	0.0	0.0	0.0	0.0	10.44371032930014	-75.39053802963798	5.0	1
89	0	3	16	0.0	0.0	0.0	0.0	10.443439005780162	-75.3905376909599	5.0	1
90	0	3	16	0.0	0.0	0.0	0.0	10.443437718987818	-75.39158843532493	5.0	1
91	0	3	16	0.0	0.0	0.0	0.0	10.444387351168027	-75.39158962392806	5.0	1
92	0	3	16	0.0	0.0	0.0	0.0	10.444387407192615	-75.39154393925462	5.0	1
93	0	3	16	0.0	0.0	0.0	0.0	10.44429696603453	-75.39154382606262	5.0	1
94	0	3	16	0.0	0.0	0.0	0.0	10.444297022052083	-75.39149814140212	5.0	1
95	0	3	16	0.0	0.0	0.0	0.0	10.44443268378976	-75.39149831117072	5.0	1
96	0	3	16	0.0	0.0	0.0	0.0	10.444432515715254	-75.39163536521082	5.0	1
97	0	3	16	0.0	0.0	0.0	0.0	10.443392442380729	-75.39163406325554	5.0	1
98	0	3	16	0.0	0.0	0.0	0.0	10.4433940644718	-75.39030921184133	5.0	1
99	0	3	16	0.0	0.0	0.0	0.0	10.444434137971367	-75.39031050939252	5.0	1
100	0	3	16	0.0	0.0	0.0	0.0	10.444434082123006	-75.39035619407952	5.0	1
101	0	3	16	0.0	0.0	0.0	0.0	10.443439229217221	-75.3903549527955	5.0	1
102	0	3	16	0.0	0.0	0.0	0.0	10.443439061649231	-75.39049200641918	5.0	1
103	0	3	16	0.0	0.0	0.0	0.0	10.443755605757154	-75.3904924014983	5.0	1
104	0	3	16	0.0	0.0	0.0	0.0	10.443755549886355	-75.39053808608523	5.0	1
105	0	3	16	0.0	0.0	0.0	0.0	10.443800770472443	-75.39053814253273	5.0	1
106	0	3	16	0.0	0.0	0.0	0.0	10.443800882207997	-75.39044677334542	5.0	1
107	0	3	16	0.0	0.0	0.0	0.0	10.443484338099239	-75.39044637831071	5.0	1
108	0	3	16	0.0	0.0	0.0	0.0	10.443484393955485	-75.39040069376288	5.0	1
109	0	3	16	0.0	0.0	0.0	0.0	10.443891379239242	-75.39040120160755	5.0	1
110	0	3	16	0.0	0.0	0.0	0.0	10.443891323380774	-75.3904468862148	5.0	1
111	0	3	16	0.0	0.0	0.0	0.0	10.44384610279445	-75.39044682977999	5.0	1
112	0	3	16	0.0	0.0	0.0	0.0	10.443936543966972	-75.39044694264989	5.0	1
113	0	3	16	0.0	0.0	0.0	0.0	10.443936599825689	-75.39040125803602	5.0	1
114	0	3	16	0.0	0.0	0.0	0.0	10.443981820412002	-75.39040131446477	5.0	1
115	0	3	16	0.0	0.0	0.0	0.0	10.44398176455304	-75.39044699908521	5.0	1
116	0	3	16	0.0	0.0	0.0	0.0	10.444026985138981	-75.39044705552081	5.0	1
117	0	3	16	0.0	0.0	0.0	0.0	10.44402704099819	-75.39040137089374	5.0	1
118	0	3	16	0.0	0.0	0.0	0.0	10.44407226158425	-75.390401427323	5.0	1
119	0	3	16	0.0	0.0	0.0	0.0	10.444072093986273	-75.39053848122322	5.0	1
120	0	3	16	0.0	0.0	0.0	0.0	10.44411731457146	-75.39053853767253	5.0	1
121	0	3	16	0.0	0.0	0.0	0.0	10.44411748217018	-75.39040148375251	5.0	1
122	0	3	16	0.0	0.0	0.0	0.0	10.444162702755985	-75.39040154018227	5.0	1
123	0	3	16	0.0	0.0	0.0	0.0	10.444162646896034	-75.39044722482915	5.0	1
124	0	3	16	0.0	0.0	0.0	0.0	10.444162702755985	-75.39040154018227	5.0	1
125	0	3	16	0.0	0.0	0.0	0.0	10.444479246853017	-75.39040193519784	5.0	1
126	0	3	16	0.0	0.0	0.0	0.0	10.444479414398838	-75.39026488111702	5.0	1
127	0	3	16	0.0	0.0	0.0	0.0	10.443348899719222	-75.39026347090036	5.0	1
128	0	3	16	0.0	0.0	0.0	0.0	10.44334716576747	-75.39167969117294	5.0	1
129	0	3	16	0.0	0.0	0.0	0.0	10.444432459677346	-75.39168104989034	5.0	1
130	0	3	16	0.0	0.0	0.0	0.0	10.444432403632904	-75.39172673456959	5.0	1
131	0	3	16	0.0	0.0	0.0	0.0	10.443347109728977	-75.39172537569372	5.0	1
132	0	3	16	0.0	0.0	0.0	0.0	10.443346941574282	-75.39186242925453	5.0	1
133	0	3	16	0.0	0.0	0.0	0.0	10.444432235460356	-75.39186378860579	5.0	1
134	0	3	21	0.0	0.0	0.0	nan	10.445997	-75.391791	0.0	1
