QGC WPL 120
1	1	3	22	0.0	0.0	0.0	nan	10.445997	-75.391791	5.0	1
2	0	3	16	0.0	0.0	0.0	0.0	10.444567897190927	-75.39186395853518	5.0	1
3	0	3	16	0.0	0.0	0.0	0.0	10.44456793083059	-75.39183654771624	5.0	1
4	0	3	16	0.0	0.0	0.0	0.0	10.44456994490426	-75.39019189840946	5.0	1
5	0	3	16	0.0	0.0	0.0	0.0	10.444542812552804	-75.39019186456841	5.0	1
6	0	3	16	0.0	0.0	0.0	0.0	10.444540764844906	-75.39186392454911	5.0	1
7	0	3	16	0.0	0.0	0.0	0.0	10.444513632498838	-75.39186389056314	5.0	1
8	0	3	16	0.0	0.0	0.0	0.0	10.444515680201302	-75.39019183072743	5.0	1
9	0	3	16	0.0	0.0	0.0	0.0	10.444488547849751	-75.39019179688657	5.0	1
10	0	3	16	0.0	0.0	0.0	0.0	10.44448781034551	-75.3907948348477	5.0	1
11	0	3	16	0.0	0.0	0.0	0.0	10.444460677995872	-75.39079480095462	5.0	1
12	0	3	16	0.0	0.0	0.0	0.0	10.444460543782192	-75.39090444420594	5.0	1
13	0	3	16	0.0	0.0	0.0	0.0	10.444433411432865	-75.39090441030343	5.0	1
14	0	3	16	0.0	0.0	0.0	0.0	10.444433277181892	-75.39101405354377	5.0	1
15	0	3	16	0.0	0.0	0.0	0.0	10.444379012483813	-75.39101398572004	5.0	1
16	0	3	16	0.0	0.0	0.0	0.0	10.444378945344567	-75.39106880733013	5.0	1
17	0	3	16	0.0	0.0	0.0	0.0	10.444351812995635	-75.39106877341366	5.0	1
18	0	3	16	0.0	0.0	0.0	0.0	10.444351745847152	-75.39112359501863	5.0	1
19	0	3	16	0.0	0.0	0.0	0.0	10.444297481149505	-75.39112352717645	5.0	1
20	0	3	16	0.0	0.0	0.0	0.0	10.44429724605695	-75.39131540275764	5.0	1
21	0	3	16	0.0	0.0	0.0	0.0	10.444324378405172	-75.39131543669531	5.0	1
22	0	3	16	0.0	0.0	0.0	0.0	10.444324579920671	-75.39115097189746	5.0	1
23	0	3	16	0.0	0.0	0.0	0.0	10.444351712269382	-75.39115100582097	5.0	1
24	0	3	16	0.0	0.0	0.0	0.0	10.444351477159108	-75.39134288143478	5.0	1
25	0	3	16	0.0	0.0	0.0	0.0	10.44427008011471	-75.3913427796146	5.0	1
26	0	3	16	0.0	0.0	0.0	0.0	10.444270113708685	-75.39131536882005	5.0	1
27	0	3	16	0.0	0.0	0.0	0.0	10.444270046518383	-75.39137019040908	5.0	1
28	0	3	16	0.0	0.0	0.0	0.0	10.444378575910465	-75.39137032617901	5.0	1
29	0	3	16	0.0	0.0	0.0	0.0	10.444378911771413	-75.39109621813505	5.0	1
30	0	3	16	0.0	0.0	0.0	0.0	10.444406044120207	-75.391096252054	5.0	1
31	0	3	16	0.0	0.0	0.0	0.0	10.444405674659242	-75.391397770928	5.0	1
32	0	3	16	0.0	0.0	0.0	0.0	10.44424288057166	-75.39139756725882	5.0	1
33	0	3	16	0.0	0.0	0.0	0.0	10.44424291417025	-75.39137015646682	5.0	1
34	0	3	16	0.0	0.0	0.0	0.0	10.444215781822068	-75.39137012252466	5.0	1
35	0	3	16	0.0	0.0	0.0	0.0	10.444215714622711	-75.39142494410382	5.0	1
36	0	3	16	0.0	0.0	0.0	0.0	10.444432773405444	-75.39142521568172	5.0	1
37	0	3	16	0.0	0.0	0.0	0.0	10.44443321004229	-75.39106887516337	5.0	1
38	0	3	16	0.0	0.0	0.0	0.0	10.44440607769345	-75.3910688412467	5.0	1
39	0	3	16	0.0	0.0	0.0	0.0	10.444406111264339	-75.39104143043933	5.0	1
40	0	3	16	0.0	0.0	0.0	0.0	10.444460375962148	-75.391041498268	5.0	1
41	0	3	16	0.0	0.0	0.0	0.0	10.444459872149068	-75.39145266044022	5.0	1
42	0	3	16	0.0	0.0	0.0	0.0	10.444188548671544	-75.39145232094405	5.0	1
43	0	3	16	0.0	0.0	0.0	0.0	10.444188582274663	-75.391424910157	5.0	1
44	0	3	16	0.0	0.0	0.0	0.0	10.444188044342424	-75.39186348273876	5.0	1
45	0	3	16	0.0	0.0	0.0	0.0	10.444486500152722	-75.39186385657726	5.0	1
46	0	3	16	0.0	0.0	0.0	0.0	10.44448754187979	-75.39101412136786	5.0	1
47	0	3	16	0.0	0.0	0.0	0.0	10.444460409530864	-75.39101408745577	5.0	1
48	0	3	16	0.0	0.0	0.0	0.0	10.44446051022289	-75.39093185501854	5.0	1
49	0	3	16	0.0	0.0	0.0	0.0	10.444487642572081	-75.39093188892349	5.0	1
50	0	3	16	0.0	0.0	0.0	0.0	10.444487575446239	-75.39098671055316	5.0	1
51	0	3	16	0.0	0.0	0.0	0.0	10.44448777679553	-75.39082224566305	5.0	1
52	0	3	16	0.0	0.0	0.0	0.0	10.444486970890114	-75.39148010520346	5.0	1
53	0	3	16	0.0	0.0	0.0	0.0	10.444459838542706	-75.39148007125094	5.0	1
54	0	3	16	0.0	0.0	0.0	0.0	10.444459401445867	-75.39183641178205	5.0	1
55	0	3	16	0.0	0.0	0.0	0.0	10.44443226909957	-75.39183637779873	5.0	1
56	0	3	16	0.0	0.0	0.0	0.0	10.444432706195249	-75.39148003729854	5.0	1
57	0	3	16	0.0	0.0	0.0	0.0	10.444405573847748	-75.39148000334622	5.0	1
58	0	3	16	0.0	0.0	0.0	0.0	10.44440513675323	-75.39183634381551	5.0	1
59	0	3	16	0.0	0.0	0.0	0.0	10.444378004406843	-75.39183630983239	5.0	1
60	0	3	16	0.0	0.0	0.0	0.0	10.4443784415002	-75.39147996939398	5.0	1
61	0	3	16	0.0	0.0	0.0	0.0	10.444351309152607	-75.39147993544185	5.0	1
62	0	3	16	0.0	0.0	0.0	0.0	10.444350872060408	-75.39183627584934	5.0	1
63	0	3	16	0.0	0.0	0.0	0.0	10.444323739713926	-75.3918362418664	5.0	1
64	0	3	16	0.0	0.0	0.0	0.0	10.444324176804965	-75.39147990148982	5.0	1
65	0	3	16	0.0	0.0	0.0	0.0	10.444297044457278	-75.39147986753787	5.0	1
66	0	3	16	0.0	0.0	0.0	0.0	10.444296607367399	-75.39183620788356	5.0	1
67	0	3	16	0.0	0.0	0.0	0.0	10.444269475020828	-75.3918361739008	5.0	1
68	0	3	16	0.0	0.0	0.0	0.0	10.444269912109547	-75.39147983358602	5.0	1
69	0	3	16	0.0	0.0	0.0	0.0	10.444242779761769	-75.39147979963425	5.0	1
70	0	3	16	0.0	0.0	0.0	0.0	10.444242342674212	-75.39183613991814	5.0	1
71	0	3	16	0.0	0.0	0.0	0.0	10.444215210327545	-75.39183610593558	5.0	1
72	0	3	16	0.0	0.0	0.0	0.0	10.444215647413943	-75.39147976568259	5.0	1
73	0	3	16	0.0	0.0	0.0	0.0	10.444188515066074	-75.39147973173102	5.0	1
74	0	3	16	0.0	0.0	0.0	0.0	10.444188044342424	-75.39186348273876	5.0	1
75	0	3	16	0.0	0.0	0.0	0.0	10.444160911995755	-75.391863448754	5.0	1
76	0	3	16	0.0	0.0	0.0	0.0	10.444161382718157	-75.39147969777954	5.0	1
77	0	3	16	0.0	0.0	0.0	0.0	10.444134250370192	-75.39147966382815	5.0	1
78	0	3	16	0.0	0.0	0.0	0.0	10.444133779649041	-75.39186341476932	5.0	1
79	0	3	16	0.0	0.0	0.0	0.0	10.44410664730228	-75.39186338078476	5.0	1
80	0	3	16	0.0	0.0	0.0	0.0	10.444107118022181	-75.39147962987686	5.0	1
81	0	3	16	0.0	0.0	0.0	0.0	10.444079985674128	-75.39147959592565	5.0	1
82	0	3	16	0.0	0.0	0.0	0.0	10.444079514955476	-75.39186334680026	5.0	1
83	0	3	16	0.0	0.0	0.0	0.0	10.444052382608623	-75.39186331281589	5.0	1
84	0	3	16	0.0	0.0	0.0	0.0	10.444052853326028	-75.39147956197455	5.0	1
85	0	3	16	0.0	0.0	0.0	0.0	10.44402572097788	-75.39147952802352	5.0	1
86	0	3	16	0.0	0.0	0.0	0.0	10.444025250261726	-75.3918632788316	5.0	1
87	0	3	16	0.0	0.0	0.0	0.0	10.44399811791478	-75.39186324484739	5.0	1
88	0	3	16	0.0	0.0	0.0	0.0	10.443998588629686	-75.39147949407261	5.0	1
89	0	3	16	0.0	0.0	0.0	0.0	10.443971456281444	-75.39147946012177	5.0	1
90	0	3	16	0.0	0.0	0.0	0.0	10.44397098556779	-75.39186321086329	5.0	1
91	0	3	16	0.0	0.0	0.0	0.0	10.443943853220754	-75.39186317687927	5.0	1
92	0	3	16	0.0	0.0	0.0	0.0	10.44394432393316	-75.39147942617105	5.0	1
93	0	3	16	0.0	0.0	0.0	0.0	10.443917191584827	-75.39147939222039	5.0	1
94	0	3	16	0.0	0.0	0.0	0.0	10.44391672087367	-75.39186314289535	5.0	1
95	0	3	16	0.0	0.0	0.0	0.0	10.443889588526542	-75.39186310891152	5.0	1
96	0	3	16	0.0	0.0	0.0	0.0	10.443890059236448	-75.39147935826985	5.0	1
97	0	3	16	0.0	0.0	0.0	0.0	10.443862926888025	-75.39147932431939	5.0	1
98	0	3	16	0.0	0.0	0.0	0.0	10.443862456179367	-75.39186307492778	5.0	1
99	0	3	16	0.0	0.0	0.0	0.0	10.443835323832145	-75.39186304094414	5.0	1
100	0	3	16	0.0	0.0	0.0	0.0	10.443835861745823	-75.39142446885681	5.0	1
101	0	3	16	0.0	0.0	0.0	0.0	10.44380872939713	-75.39142443491129	5.0	1
102	0	3	16	0.0	0.0	0.0	0.0	10.443808191484878	-75.3918630069606	5.0	1
103	0	3	16	0.0	0.0	0.0	0.0	10.443781059137567	-75.39186297297714	5.0	1
104	0	3	16	0.0	0.0	0.0	0.0	10.443781630647818	-75.39139699021437	5.0	1
105	0	3	16	0.0	0.0	0.0	0.0	10.443808762996646	-75.39139702415741	5.0	1
106	0	3	16	0.0	0.0	0.0	0.0	10.443808796593808	-75.39136961340346	5.0	1
107	0	3	16	0.0	0.0	0.0	0.0	10.443808762996646	-75.39139702415741	5.0	1
108	0	3	16	0.0	0.0	0.0	0.0	10.44375449829894	-75.39139695627141	5.0	1
109	0	3	16	0.0	0.0	0.0	0.0	10.443753926790206	-75.39186293899377	5.0	1
110	0	3	16	0.0	0.0	0.0	0.0	10.443726794442801	-75.39186290501051	5.0	1
111	0	3	16	0.0	0.0	0.0	0.0	10.443727365950018	-75.39139692232855	5.0	1
112	0	3	16	0.0	0.0	0.0	0.0	10.44370023360105	-75.3913968883858	5.0	1
113	0	3	16	0.0	0.0	0.0	0.0	10.443699662095348	-75.39186287102733	5.0	1
114	0	3	16	0.0	0.0	0.0	0.0	10.443672529747852	-75.39186283704424	5.0	1
115	0	3	16	0.0	0.0	0.0	0.0	10.443673134848753	-75.39136944370104	5.0	1
116	0	3	16	0.0	0.0	0.0	0.0	10.443700267197856	-75.39136947764133	5.0	1
117	0	3	16	0.0	0.0	0.0	0.0	10.443700300792312	-75.39134206689678	5.0	1
118	0	3	16	0.0	0.0	0.0	0.0	10.443646036093876	-75.39134199902104	5.0	1
119	0	3	16	0.0	0.0	0.0	0.0	10.443645397400305	-75.39186280306126	5.0	1
120	0	3	16	0.0	0.0	0.0	0.0	10.443618265052715	-75.39186276907836	5.0	1
121	0	3	16	0.0	0.0	0.0	0.0	10.443618970925908	-75.39128714360818	5.0	1
122	0	3	16	0.0	0.0	0.0	0.0	10.443591838576397	-75.39128710967529	5.0	1
123	0	3	16	0.0	0.0	0.0	0.0	10.44359113270508	-75.39186273509556	5.0	1
124	0	3	16	0.0	0.0	0.0	0.0	10.443564000357398	-75.39186270111286	5.0	1
125	0	3	16	0.0	0.0	0.0	0.0	10.44356473981379	-75.39125966500956	5.0	1
126	0	3	16	0.0	0.0	0.0	0.0	10.443591872163436	-75.39125969893996	5.0	1
127	0	3	16	0.0	0.0	0.0	0.0	10.44356473981379	-75.39125966500956	5.0	1
128	0	3	16	0.0	0.0	0.0	0.0	10.443564806980632	-75.39120484354339	5.0	1
129	0	3	16	0.0	0.0	0.0	0.0	10.443537674630763	-75.3912048096178	5.0	1
130	0	3	16	0.0	0.0	0.0	0.0	10.44353686800967	-75.39186266713024	5.0	1
131	0	3	16	0.0	0.0	0.0	0.0	10.443509735661896	-75.39186263314771	5.0	1
132	0	3	16	0.0	0.0	0.0	0.0	10.443510575860563	-75.39117736496387	5.0	1
133	0	3	16	0.0	0.0	0.0	0.0	10.443537708210567	-75.39117739888697	5.0	1
134	0	3	16	0.0	0.0	0.0	0.0	10.44353801032291	-75.39093070230514	5.0	1
135	0	3	16	0.0	0.0	0.0	0.0	10.443565142673672	-75.39093073620694	5.0	1
136	0	3	16	0.0	0.0	0.0	0.0	10.443565209784046	-75.39087591473854	5.0	1
137	0	3	16	0.0	0.0	0.0	0.0	10.443619474485782	-75.3908759825329	5.0	1
138	0	3	16	0.0	0.0	0.0	0.0	10.443619508037619	-75.39084857179382	5.0	1
139	0	3	16	0.0	0.0	0.0	0.0	10.44364664038851	-75.39084860568876	5.0	1
140	0	3	16	0.0	0.0	0.0	0.0	10.44364677457268	-75.39073896272195	5.0	1
141	0	3	16	0.0	0.0	0.0	0.0	10.443673906923882	-75.3907389966075	5.0	1
142	0	3	16	0.0	0.0	0.0	0.0	10.443673940464134	-75.39071158586317	5.0	1
143	0	3	16	0.0	0.0	0.0	0.0	10.443701072815376	-75.39071161974643	5.0	1
144	0	3	16	0.0	0.0	0.0	0.0	10.44370110635336	-75.39068420899964	5.0	1
145	0	3	16	0.0	0.0	0.0	0.0	10.443728238704646	-75.3906842428806	5.0	1
146	0	3	16	0.0	0.0	0.0	0.0	10.443728372833418	-75.39057459988304	5.0	1
147	0	3	16	0.0	0.0	0.0	0.0	10.44380976988806	-75.39057470149797	5.0	1
148	0	3	16	0.0	0.0	0.0	0.0	10.443809836938867	-75.39051987998437	5.0	1
149	0	3	16	0.0	0.0	0.0	0.0	10.44389123399363	-75.39051998158587	5.0	1
150	0	3	16	0.0	0.0	0.0	0.0	10.443891301035556	-75.39046516005763	5.0	1
151	0	3	16	0.0	0.0	0.0	0.0	10.444135492198964	-75.39046546482437	5.0	1
152	0	3	16	0.0	0.0	0.0	0.0	10.444135425155437	-75.3905202863954	5.0	1
153	0	3	16	0.0	0.0	0.0	0.0	10.444189689857552	-75.39052035413188	5.0	1
154	0	3	16	0.0	0.0	0.0	0.0	10.444189756901435	-75.39046553255133	5.0	1
155	0	3	16	0.0	0.0	0.0	0.0	10.444244021603723	-75.39046560027867	5.0	1
156	0	3	16	0.0	0.0	0.0	0.0	10.44424408863855	-75.39041077868826	5.0	1
157	0	3	16	0.0	0.0	0.0	0.0	10.444461147447276	-75.39041104956328	5.0	1
158	0	3	16	0.0	0.0	0.0	0.0	10.444461415498157	-75.39019176304579	5.0	1
159	0	3	16	0.0	0.0	0.0	0.0	10.444434283146515	-75.39019172920511	5.0	1
160	0	3	16	0.0	0.0	0.0	0.0	10.444434048610852	-75.3903836048916	5.0	1
161	0	3	16	0.0	0.0	0.0	0.0	10.444406916259789	-75.39038357103436	5.0	1
162	0	3	16	0.0	0.0	0.0	0.0	10.444407150794829	-75.39019169536452	5.0	1
163	0	3	16	0.0	0.0	0.0	0.0	10.444380018443097	-75.39019166152401	5.0	1
164	0	3	16	0.0	0.0	0.0	0.0	10.444379783908678	-75.39038353717723	5.0	1
165	0	3	16	0.0	0.0	0.0	0.0	10.444352651557521	-75.39038350332018	5.0	1
166	0	3	16	0.0	0.0	0.0	0.0	10.444352886091316	-75.39019162768359	5.0	1
167	0	3	16	0.0	0.0	0.0	0.0	10.444325753739491	-75.39019159384328	5.0	1
168	0	3	16	0.0	0.0	0.0	0.0	10.444325519206318	-75.39038346946322	5.0	1
169	0	3	16	0.0	0.0	0.0	0.0	10.444298386855065	-75.39038343560635	5.0	1
170	0	3	16	0.0	0.0	0.0	0.0	10.444298621387617	-75.39019156000306	5.0	1
171	0	3	16	0.0	0.0	0.0	0.0	10.444271489035703	-75.39019152616294	5.0	1
172	0	3	16	0.0	0.0	0.0	0.0	10.444271254503775	-75.39038340174959	5.0	1
173	0	3	16	0.0	0.0	0.0	0.0	10.444244122152433	-75.39038336789292	5.0	1
174	0	3	16	0.0	0.0	0.0	0.0	10.44424435668374	-75.3901914923229	5.0	1
175	0	3	16	0.0	0.0	0.0	0.0	10.444217224331728	-75.39019145848296	5.0	1
176	0	3	16	0.0	0.0	0.0	0.0	10.444216922771103	-75.39043815562218	5.0	1
177	0	3	16	0.0	0.0	0.0	0.0	10.444189790419848	-75.39043812176094	5.0	1
178	0	3	16	0.0	0.0	0.0	0.0	10.444190091979673	-75.3901914246431	5.0	1
179	0	3	16	0.0	0.0	0.0	0.0	10.444162959627572	-75.39019139080335	5.0	1
180	0	3	16	0.0	0.0	0.0	0.0	10.444162591029547	-75.39049290947575	5.0	1
181	0	3	16	0.0	0.0	0.0	0.0	10.444162658068548	-75.39043808789978	5.0	1
182	0	3	16	0.0	0.0	0.0	0.0	10.444135525717197	-75.39043805403873	5.0	1
183	0	3	16	0.0	0.0	0.0	0.0	10.444135827275423	-75.39019135696367	5.0	1
184	0	3	16	0.0	0.0	0.0	0.0	10.444108694923228	-75.39019132312411	5.0	1
185	0	3	16	0.0	0.0	0.0	0.0	10.444108393365802	-75.39043802017777	5.0	1
186	0	3	16	0.0	0.0	0.0	0.0	10.444081261014365	-75.39043798631688	5.0	1
187	0	3	16	0.0	0.0	0.0	0.0	10.444081562570988	-75.39019128928463	5.0	1
188	0	3	16	0.0	0.0	0.0	0.0	10.444054430218701	-75.39019125544525	5.0	1
189	0	3	16	0.0	0.0	0.0	0.0	10.444054128662877	-75.39043795245611	5.0	1
190	0	3	16	0.0	0.0	0.0	0.0	10.444026996311345	-75.39043791859541	5.0	1
191	0	3	16	0.0	0.0	0.0	0.0	10.444027297866368	-75.39019122160595	5.0	1
192	0	3	16	0.0	0.0	0.0	0.0	10.444000165513991	-75.39019118776675	5.0	1
193	0	3	16	0.0	0.0	0.0	0.0	10.443999863959766	-75.39043788473482	5.0	1
194	0	3	16	0.0	0.0	0.0	0.0	10.443972731608142	-75.39043785087432	5.0	1
195	0	3	16	0.0	0.0	0.0	0.0	10.443973033161564	-75.39019115392763	5.0	1
196	0	3	16	0.0	0.0	0.0	0.0	10.443945900809094	-75.39019112008862	5.0	1
197	0	3	16	0.0	0.0	0.0	0.0	10.443945599256471	-75.39043781701392	5.0	1
198	0	3	16	0.0	0.0	0.0	0.0	10.443918466904751	-75.39043778315359	5.0	1
199	0	3	16	0.0	0.0	0.0	0.0	10.443918768456575	-75.3901910862497	5.0	1
200	0	3	16	0.0	0.0	0.0	0.0	10.443891636104013	-75.39019105241087	5.0	1
201	0	3	16	0.0	0.0	0.0	0.0	10.443891334552989	-75.39043774929337	5.0	1
202	0	3	16	0.0	0.0	0.0	0.0	10.443864202201183	-75.39043771543325	5.0	1
203	0	3	16	0.0	0.0	0.0	0.0	10.44386413516414	-75.39049253695691	5.0	1
204	0	3	16	0.0	0.0	0.0	0.0	10.443837002812462	-75.39049250309212	5.0	1
205	0	3	16	0.0	0.0	0.0	0.0	10.44383710336423	-75.3904102708136	5.0	1
206	0	3	16	0.0	0.0	0.0	0.0	10.443864235716175	-75.39041030467128	5.0	1
207	0	3	16	0.0	0.0	0.0	0.0	10.443864503751405	-75.39019101857214	5.0	1
208	0	3	16	0.0	0.0	0.0	0.0	10.443837371398747	-75.3901909847335	5.0	1
209	0	3	16	0.0	0.0	0.0	0.0	10.443837136876777	-75.39038286005392	5.0	1
210	0	3	16	0.0	0.0	0.0	0.0	10.443810004524698	-75.39038282619872	5.0	1
211	0	3	16	0.0	0.0	0.0	0.0	10.443809870460736	-75.39049246922742	5.0	1
212	0	3	16	0.0	0.0	0.0	0.0	10.44378273810897	-75.39049243536282	5.0	1
213	0	3	16	0.0	0.0	0.0	0.0	10.443782671063051	-75.39054725687186	5.0	1
214	0	3	16	0.0	0.0	0.0	0.0	10.443755538711413	-75.39054722300259	5.0	1
215	0	3	16	0.0	0.0	0.0	0.0	10.443755639276494	-75.39046499074603	5.0	1
216	0	3	16	0.0	0.0	0.0	0.0	10.4437827716284	-75.39046502460815	5.0	1
217	0	3	16	0.0	0.0	0.0	0.0	10.443782905682594	-75.39035538158859	5.0	1
218	0	3	16	0.0	0.0	0.0	0.0	10.443810038034806	-75.39035541544132	5.0	1
219	0	3	16	0.0	0.0	0.0	0.0	10.443810239046044	-75.39019095089493	5.0	1
220	0	3	16	0.0	0.0	0.0	0.0	10.4437831066933	-75.39019091705647	5.0	1
221	0	3	16	0.0	0.0	0.0	0.0	10.44378293919026	-75.39032797083348	5.0	1
222	0	3	16	0.0	0.0	0.0	0.0	10.44375580683791	-75.39032793698323	5.0	1
223	0	3	16	0.0	0.0	0.0	0.0	10.443755672793484	-75.39043757999366	5.0	1
224	0	3	16	0.0	0.0	0.0	0.0	10.443728540441445	-75.390437546134	5.0	1
225	0	3	16	0.0	0.0	0.0	0.0	10.443728406359728	-75.3905471891334	5.0	1
226	0	3	16	0.0	0.0	0.0	0.0	10.443701274008	-75.39054715526433	5.0	1
227	0	3	16	0.0	0.0	0.0	0.0	10.443701139888994	-75.39065679825276	5.0	1
228	0	3	16	0.0	0.0	0.0	0.0	10.443674007537576	-75.39065676437427	5.0	1
229	0	3	16	0.0	0.0	0.0	0.0	10.44367397400203	-75.39068417511876	5.0	1
230	0	3	16	0.0	0.0	0.0	0.0	10.44364684165065	-75.39068414123798	5.0	1
231	0	3	16	0.0	0.0	0.0	0.0	10.443646808112842	-75.39071155198002	5.0	1
232	0	3	16	0.0	0.0	0.0	0.0	10.443619675761507	-75.39071151809695	5.0	1
233	0	3	16	0.0	0.0	0.0	0.0	10.4436195415871	-75.39082116105463	5.0	1
234	0	3	16	0.0	0.0	0.0	0.0	10.443592409236079	-75.39082112716216	5.0	1
235	0	3	16	0.0	0.0	0.0	0.0	10.443592375686686	-75.39084853789898	5.0	1
236	0	3	16	0.0	0.0	0.0	0.0	10.443565243335705	-75.39084850400421	5.0	1
237	0	3	16	0.0	0.0	0.0	0.0	10.44356531043196	-75.39079368253525	5.0	1
238	0	3	16	0.0	0.0	0.0	0.0	10.443592442783121	-75.39079371642525	5.0	1
239	0	3	16	0.0	0.0	0.0	0.0	10.44359257694776	-75.3906840734767	5.0	1
240	0	3	16	0.0	0.0	0.0	0.0	10.443619709299227	-75.3906841073573	5.0	1
241	0	3	16	0.0	0.0	0.0	0.0	10.443619742834594	-75.39065669661755	5.0	1
242	0	3	16	0.0	0.0	0.0	0.0	10.443646875186106	-75.39065673049588	5.0	1
243	0	3	16	0.0	0.0	0.0	0.0	10.443646908719208	-75.39062931975366	5.0	1
244	0	3	16	0.0	0.0	0.0	0.0	10.443674041070766	-75.39062935362968	5.0	1
245	0	3	16	0.0	0.0	0.0	0.0	10.443674175180004	-75.39051971065038	5.0	1
246	0	3	16	0.0	0.0	0.0	0.0	10.443701307531867	-75.39051974451698	5.0	1
247	0	3	16	0.0	0.0	0.0	0.0	10.443701441603817	-75.3904101015267	5.0	1
248	0	3	16	0.0	0.0	0.0	0.0	10.443728573955992	-75.3904101353839	5.0	1
249	0	3	16	0.0	0.0	0.0	0.0	10.44372870799065	-75.39030049238261	5.0	1
250	0	3	16	0.0	0.0	0.0	0.0	10.443755840343133	-75.39030052623039	5.0	1
251	0	3	16	0.0	0.0	0.0	0.0	10.443755974340503	-75.39019088321811	5.0	1
252	0	3	16	0.0	0.0	0.0	0.0	10.443728841987665	-75.39019084937985	5.0	1
253	0	3	16	0.0	0.0	0.0	0.0	10.443728741493432	-75.39027308163206	5.0	1
254	0	3	16	0.0	0.0	0.0	0.0	10.443701609140813	-75.39027304778675	5.0	1
255	0	3	16	0.0	0.0	0.0	0.0	10.44370147511592	-75.39038269077889	5.0	1
256	0	3	16	0.0	0.0	0.0	0.0	10.443674342763611	-75.39038265692417	5.0	1
257	0	3	16	0.0	0.0	0.0	0.0	10.443674208701431	-75.39049229990532	5.0	1
258	0	3	16	0.0	0.0	0.0	0.0	10.443647076349427	-75.39049226604118	5.0	1
259	0	3	16	0.0	0.0	0.0	0.0	10.443646942249957	-75.39060190901135	5.0	1
260	0	3	16	0.0	0.0	0.0	0.0	10.443619809898266	-75.39060187513779	5.0	1
261	0	3	16	0.0	0.0	0.0	0.0	10.443619776367607	-75.39062928587772	5.0	1
262	0	3	16	0.0	0.0	0.0	0.0	10.443592644015961	-75.39062925200187	5.0	1
263	0	3	16	0.0	0.0	0.0	0.0	10.443592610483035	-75.39065666273933	5.0	1
264	0	3	16	0.0	0.0	0.0	0.0	10.44356547813143	-75.39065662886121	5.0	1
265	0	3	16	0.0	0.0	0.0	0.0	10.44356534397656	-75.39076627180062	5.0	1
266	0	3	16	0.0	0.0	0.0	0.0	10.443538211625265	-75.39076623791308	5.0	1
267	0	3	16	0.0	0.0	0.0	0.0	10.443538043879187	-75.39090329157337	5.0	1
268	0	3	16	0.0	0.0	0.0	0.0	10.443510911528293	-75.39090325767404	5.0	1
269	0	3	16	0.0	0.0	0.0	0.0	10.443510609437924	-75.3911499542353	5.0	1
270	0	3	16	0.0	0.0	0.0	0.0	10.443483477087781	-75.39114992031467	5.0	1
271	0	3	16	0.0	0.0	0.0	0.0	10.443482603314074	-75.39186259916528	5.0	1
272	0	3	16	0.0	0.0	0.0	0.0	10.443455470966208	-75.39186256518295	5.0	1
273	0	3	16	0.0	0.0	0.0	0.0	10.443456378312428	-75.39112247567023	5.0	1
274	0	3	16	0.0	0.0	0.0	0.0	10.443483510662702	-75.3911225095884	5.0	1
275	0	3	16	0.0	0.0	0.0	0.0	10.443483812731094	-75.39087581304769	5.0	1
276	0	3	16	0.0	0.0	0.0	0.0	10.443510945082124	-75.39087584694454	5.0	1
277	0	3	16	0.0	0.0	0.0	0.0	10.443511112815994	-75.39073879329568	5.0	1
278	0	3	16	0.0	0.0	0.0	0.0	10.443538245167424	-75.39073882718074	5.0	1
279	0	3	16	0.0	0.0	0.0	0.0	10.443538379312526	-75.39062918425047	5.0	1
280	0	3	16	0.0	0.0	0.0	0.0	10.443565511664268	-75.39062921812612	5.0	1
281	0	3	16	0.0	0.0	0.0	0.0	10.443565545194748	-75.39060180739096	5.0	1
282	0	3	16	0.0	0.0	0.0	0.0	10.443592677546532	-75.39060184126433	5.0	1
283	0	3	16	0.0	0.0	0.0	0.0	10.44359271107475	-75.39057443052667	5.0	1
284	0	3	16	0.0	0.0	0.0	0.0	10.443619843426575	-75.39057446439776	5.0	1
285	0	3	16	0.0	0.0	0.0	0.0	10.443619977516278	-75.39046482143674	5.0	1
286	0	3	16	0.0	0.0	0.0	0.0	10.443647109868413	-75.39046485529842	5.0	1
287	0	3	16	0.0	0.0	0.0	0.0	10.443647243920827	-75.39035521232638	5.0	1
288	0	3	16	0.0	0.0	0.0	0.0	10.443674376273275	-75.39035524617864	5.0	1
289	0	3	16	0.0	0.0	0.0	0.0	10.443674510288401	-75.39024560319564	5.0	1
290	0	3	16	0.0	0.0	0.0	0.0	10.443701642641155	-75.39024563703848	5.0	1
291	0	3	16	0.0	0.0	0.0	0.0	10.443701709634778	-75.39019081554166	5.0	1
292	0	3	16	0.0	0.0	0.0	0.0	10.443674577281847	-75.39019078170357	5.0	1
293	0	3	16	0.0	0.0	0.0	0.0	10.4436745437863	-75.39021819244965	5.0	1
294	0	3	16	0.0	0.0	0.0	0.0	10.443647411433407	-75.39021815860927	5.0	1
295	0	3	16	0.0	0.0	0.0	0.0	10.443647277428049	-75.39032780158315	5.0	1
296	0	3	16	0.0	0.0	0.0	0.0	10.443620145075467	-75.39032776773337	5.0	1
297	0	3	16	0.0	0.0	0.0	0.0	10.443620011032824	-75.39043741069625	5.0	1
298	0	3	16	0.0	0.0	0.0	0.0	10.443592878680553	-75.39043737683704	5.0	1
299	0	3	16	0.0	0.0	0.0	0.0	10.443592744600616	-75.39054701978894	5.0	1
300	0	3	16	0.0	0.0	0.0	0.0	10.443565612248655	-75.39054698592031	5.0	1
301	0	3	16	0.0	0.0	0.0	0.0	10.443565578722879	-75.39057439665568	5.0	1
302	0	3	16	0.0	0.0	0.0	0.0	10.44353844637096	-75.39057436278478	5.0	1
303	0	3	16	0.0	0.0	0.0	0.0	10.44353841284292	-75.39060177351767	5.0	1
304	0	3	16	0.0	0.0	0.0	0.0	10.443511280491046	-75.3906017396445	5.0	1
305	0	3	16	0.0	0.0	0.0	0.0	10.44351114635571	-75.39071138256563	5.0	1
306	0	3	16	0.0	0.0	0.0	0.0	10.443484014004145	-75.39071134868303	5.0	1
307	0	3	16	0.0	0.0	0.0	0.0	10.443483846282483	-75.39084840232047	5.0	1
308	0	3	16	0.0	0.0	0.0	0.0	10.443456713931319	-75.39084836842608	5.0	1
309	0	3	16	0.0	0.0	0.0	0.0	10.443456411884904	-75.39109506494624	5.0	1
310	0	3	16	0.0	0.0	0.0	0.0	10.44342927953449	-75.39109503103055	5.0	1
311	0	3	16	0.0	0.0	0.0	0.0	10.443428338618292	-75.3918625312007	5.0	1
312	0	3	16	0.0	0.0	0.0	0.0	10.443401206270336	-75.39186249721855	5.0	1
313	0	3	16	0.0	0.0	0.0	0.0	10.443402180753981	-75.39106758639561	5.0	1
314	0	3	16	0.0	0.0	0.0	0.0	10.443429313104525	-75.39106762030883	5.0	1
315	0	3	16	0.0	0.0	0.0	0.0	10.443429615128963	-75.39082092380923	5.0	1
316	0	3	16	0.0	0.0	0.0	0.0	10.443456747480267	-75.39082095770115	5.0	1
317	0	3	16	0.0	0.0	0.0	0.0	10.44345691518972	-75.39068390407513	5.0	1
318	0	3	16	0.0	0.0	0.0	0.0	10.44348404754142	-75.39068393795526	5.0	1
319	0	3	16	0.0	0.0	0.0	0.0	10.443484181666987	-75.39057429504327	5.0	1
320	0	3	16	0.0	0.0	0.0	0.0	10.443511314018998	-75.39057432891397	5.0	1
321	0	3	16	0.0	0.0	0.0	0.0	10.443511347544597	-75.39054691818336	5.0	1
322	0	3	16	0.0	0.0	0.0	0.0	10.443538479896649	-75.39054695205179	5.0	1
323	0	3	16	0.0	0.0	0.0	0.0	10.443538513419984	-75.39051954131871	5.0	1
324	0	3	16	0.0	0.0	0.0	0.0	10.44356564577208	-75.39051957518487	5.0	1
325	0	3	16	0.0	0.0	0.0	0.0	10.44356577984225	-75.39040993224211	5.0	1
326	0	3	16	0.0	0.0	0.0	0.0	10.443592912194656	-75.39040996609884	5.0	1
327	0	3	16	0.0	0.0	0.0	0.0	10.443593046227535	-75.39030032314508	5.0	1
328	0	3	16	0.0	0.0	0.0	0.0	10.443620178580248	-75.39030035699241	5.0	1
329	0	3	16	0.0	0.0	0.0	0.0	10.44362031257584	-75.39019071402767	5.0	1
330	0	3	16	0.0	0.0	0.0	0.0	10.443647444928866	-75.39019074786557	5.0	1
331	0	3	16	0.0	0.0	0.0	0.0	10.443593180222772	-75.39019068018987	5.0	1
332	0	3	16	0.0	0.0	0.0	0.0	10.443593079729872	-75.39027291240642	5.0	1
333	0	3	16	0.0	0.0	0.0	0.0	10.443565947377023	-75.39027287856157	5.0	1
334	0	3	16	0.0	0.0	0.0	0.0	10.44356581335391	-75.39038252150618	5.0	1
335	0	3	16	0.0	0.0	0.0	0.0	10.443538681001368	-75.39038248765193	5.0	1
336	0	3	16	0.0	0.0	0.0	0.0	10.443538546940966	-75.39049213058554	5.0	1
337	0	3	16	0.0	0.0	0.0	0.0	10.443511414588738	-75.39049209672187	5.0	1
338	0	3	16	0.0	0.0	0.0	0.0	10.443511381067843	-75.39051950745267	5.0	1
339	0	3	16	0.0	0.0	0.0	0.0	10.443484248715656	-75.3905194735867	5.0	1
340	0	3	16	0.0	0.0	0.0	0.0	10.443484215192498	-75.39054688431503	5.0	1
341	0	3	16	0.0	0.0	0.0	0.0	10.443457082840354	-75.39054685044678	5.0	1
342	0	3	16	0.0	0.0	0.0	0.0	10.443456948724553	-75.39065649334964	5.0	1
343	0	3	16	0.0	0.0	0.0	0.0	10.443429816372714	-75.390656459472	5.0	1
344	0	3	16	0.0	0.0	0.0	0.0	10.443429648675469	-75.39079351308659	5.0	1
345	0	3	16	0.0	0.0	0.0	0.0	10.443402516324035	-75.39079347919714	5.0	1
346	0	3	16	0.0	0.0	0.0	0.0	10.443402214321573	-75.39104017567618	5.0	1
347	0	3	16	0.0	0.0	0.0	0.0	10.443375081970894	-75.39104014176543	5.0	1
348	0	3	16	0.0	0.0	0.0	0.0	10.44337407392233	-75.39186246323649	5.0	1
349	0	3	16	0.0	0.0	0.0	0.0	10.443346941574282	-75.39186242925453	5.0	1
350	0	3	16	0.0	0.0	0.0	0.0	10.44334798318523	-75.39101269714	5.0	1
351	0	3	16	0.0	0.0	0.0	0.0	10.443375115536044	-75.39101273104829	5.0	1
352	0	3	16	0.0	0.0	0.0	0.0	10.443375417516531	-75.3907660345898	5.0	1
353	0	3	16	0.0	0.0	0.0	0.0	10.4434025498681	-75.39076606847678	5.0	1
354	0	3	16	0.0	0.0	0.0	0.0	10.443402717553138	-75.3906290148736	5.0	1
355	0	3	16	0.0	0.0	0.0	0.0	10.443429849905105	-75.39062904874878	5.0	1
356	0	3	16	0.0	0.0	0.0	0.0	10.443429984011138	-75.39051940585506	5.0	1
357	0	3	16	0.0	0.0	0.0	0.0	10.443457116363422	-75.39051943972083	5.0	1
358	0	3	16	0.0	0.0	0.0	0.0	10.44345714988414	-75.3904920289948	5.0	1
359	0	3	16	0.0	0.0	0.0	0.0	10.443484282236462	-75.39049206285829	5.0	1
360	0	3	16	0.0	0.0	0.0	0.0	10.443484315754914	-75.39046465212976	5.0	1
361	0	3	16	0.0	0.0	0.0	0.0	10.443511448107278	-75.39046468599099	5.0	1
362	0	3	16	0.0	0.0	0.0	0.0	10.443511582157912	-75.3903550430665	5.0	1
363	0	3	16	0.0	0.0	0.0	0.0	10.443538714510588	-75.39035507691828	5.0	1
364	0	3	16	0.0	0.0	0.0	0.0	10.443538848523934	-75.39024543398281	5.0	1
365	0	3	16	0.0	0.0	0.0	0.0	10.44356598087692	-75.3902454678252	5.0	1
366	0	3	16	0.0	0.0	0.0	0.0	10.443566047869654	-75.39019064635215	5.0	1
367	0	3	16	0.0	0.0	0.0	0.0	10.443538915516491	-75.39019061251452	5.0	1
368	0	3	16	0.0	0.0	0.0	0.0	10.44353888202139	-75.3902180232487	5.0	1
369	0	3	16	0.0	0.0	0.0	0.0	10.44351174966827	-75.39021798940881	5.0	1
370	0	3	16	0.0	0.0	0.0	0.0	10.44351161566469	-75.39032763233514	5.0	1
371	0	3	16	0.0	0.0	0.0	0.0	10.443484483311877	-75.39032759848583	5.0	1
372	0	3	16	0.0	0.0	0.0	0.0	10.443484349271012	-75.39043724140116	5.0	1
373	0	3	16	0.0	0.0	0.0	0.0	10.44345721691851	-75.39043720754243	5.0	1
374	0	3	16	0.0	0.0	0.0	0.0	10.443457183402503	-75.39046461826865	5.0	1
375	0	3	16	0.0	0.0	0.0	0.0	10.44343005105004	-75.39046458440762	5.0	1
376	0	3	16	0.0	0.0	0.0	0.0	10.443430017531766	-75.39049199513138	5.0	1
377	0	3	16	0.0	0.0	0.0	0.0	10.443402885179351	-75.39049196126808	5.0	1
378	0	3	16	0.0	0.0	0.0	0.0	10.443402751083084	-75.39060160415268	5.0	1
379	0	3	16	0.0	0.0	0.0	0.0	10.44337561873098	-75.39060157027996	5.0	1
380	0	3	16	0.0	0.0	0.0	0.0	10.443375451058152	-75.39073862387173	5.0	1
381	0	3	16	0.0	0.0	0.0	0.0	10.44334831870645	-75.39073858998722	5.0	1
382	0	3	16	0.0	0.0	0.0	0.0	10.44334801674794	-75.39098528642515	5.0	1
383	0	3	16	0.0	0.0	0.0	0.0	10.443348519906248	-75.39057412569107	5.0	1
384	0	3	16	0.0	0.0	0.0	0.0	10.443375652258487	-75.39057415956133	5.0	1
385	0	3	16	0.0	0.0	0.0	0.0	10.443375786344987	-75.39046451668587	5.0	1
386	0	3	16	0.0	0.0	0.0	0.0	10.443402918697538	-75.39046455054671	5.0	1
387	0	3	16	0.0	0.0	0.0	0.0	10.443402952213368	-75.39043713982524	5.0	1
388	0	3	16	0.0	0.0	0.0	0.0	10.44343008456596	-75.39043717368378	5.0	1
389	0	3	16	0.0	0.0	0.0	0.0	10.443430118079528	-75.39040976295985	5.0	1
390	0	3	16	0.0	0.0	0.0	0.0	10.443457250432168	-75.39040979681612	5.0	1
391	0	3	16	0.0	0.0	0.0	0.0	10.443457384463269	-75.3903001539099	5.0	1
392	0	3	16	0.0	0.0	0.0	0.0	10.443484516816214	-75.39030018775675	5.0	1
393	0	3	16	0.0	0.0	0.0	0.0	10.443484650810028	-75.39019054483956	5.0	1
394	0	3	16	0.0	0.0	0.0	0.0	10.443511783163283	-75.390190578677	5.0	1
395	0	3	16	0.0	0.0	0.0	0.0	10.443457518456727	-75.3901905110022	5.0	1
396	0	3	16	0.0	0.0	0.0	0.0	10.443457417965163	-75.39027274318312	5.0	1
397	0	3	16	0.0	0.0	0.0	0.0	10.443430285612079	-75.39027270933875	5.0	1
398	0	3	16	0.0	0.0	0.0	0.0	10.443430151590743	-75.3903823522358	5.0	1
399	0	3	16	0.0	0.0	0.0	0.0	10.443403019237975	-75.39038231838201	5.0	1
400	0	3	16	0.0	0.0	0.0	0.0	10.44340298572685	-75.39040972910367	5.0	1
401	0	3	16	0.0	0.0	0.0	0.0	10.443375853374123	-75.39040969524758	5.0	1
402	0	3	16	0.0	0.0	0.0	0.0	10.44337581986073	-75.39043710596677	5.0	1
403	0	3	16	0.0	0.0	0.0	0.0	10.443348687508047	-75.39043707210841	5.0	1
404	0	3	16	0.0	0.0	0.0	0.0	10.443348553431314	-75.39054671497472	5.0	1
405	0	3	16	0.0	0.0	0.0	0.0	10.443348754532296	-75.39038225067469	5.0	1
406	0	3	16	0.0	0.0	0.0	0.0	10.443375886885157	-75.3903822845283	5.0	1
407	0	3	16	0.0	0.0	0.0	0.0	10.443375920393844	-75.39035487380893	5.0	1
408	0	3	16	0.0	0.0	0.0	0.0	10.44340305274675	-75.39035490766027	5.0	1
409	0	3	16	0.0	0.0	0.0	0.0	10.443403186758317	-75.39024526477232	5.0	1
410	0	3	16	0.0	0.0	0.0	0.0	10.443430319111531	-75.39024529861423	5.0	1
411	0	3	16	0.0	0.0	0.0	0.0	10.443430386103376	-75.39019047716496	5.0	1
412	0	3	16	0.0	0.0	0.0	0.0	10.443403253749986	-75.3901904433278	5.0	1
413	0	3	16	0.0	0.0	0.0	0.0	10.443403220255327	-75.3902178540501	5.0	1
414	0	3	16	0.0	0.0	0.0	0.0	10.443376087901978	-75.39021782021067	5.0	1
415	0	3	16	0.0	0.0	0.0	0.0	10.443375953900176	-75.39032746308946	5.0	1
416	0	3	16	0.0	0.0	0.0	0.0	10.443348821547136	-75.3903274292406	5.0	1
417	0	3	16	0.0	0.0	0.0	0.0	10.443348788040893	-75.3903548399577	5.0	1
418	0	3	16	0.0	0.0	0.0	0.0	10.443348989043063	-75.39019037565376	5.0	1
419	0	3	16	0.0	0.0	0.0	0.0	10.443376121396545	-75.39019040949073	5.0	1
420	0	3	21	0.0	0.0	0.0	nan	10.445997	-75.391791	0.0	1
