QGC WPL 120
1	1	3	22	0.0	0.0	0.0	nan	10.445997	-75.391791	5.0	1
2	0	3	16	0.0	0.0	0.0	0.0	10.443346941574282	-75.39186242925453	5.0	1
3	0	3	16	0.0	0.0	0.0	0.0	10.443380858782843	-75.39186247173423	5.0	1
4	0	3	16	0.0	0.0	0.0	0.0	10.44456796103709	-75.39186395861515	5.0	1
5	0	3	16	0.0	0.0	0.0	0.0	10.44456803883405	-75.39180056391393	5.0	1
6	0	3	16	0.0	0.0	0.0	0.0	10.443347019361951	-75.39179903480071	5.0	1
7	0	3	16	0.0	0.0	0.0	0.0	10.443347097137037	-75.39173564034638	5.0	1
8	0	3	16	0.0	0.0	0.0	0.0	10.444568116618425	-75.39173716921222	5.0	1
9	0	3	16	0.0	0.0	0.0	0.0	10.444568194390213	-75.39167377451	5.0	1
10	0	3	16	0.0	0.0	0.0	0.0	10.443347174899536	-75.39167224589157	5.0	1
11	0	3	16	0.0	0.0	0.0	0.0	10.443347252649453	-75.39160885143626	5.0	1
12	0	3	16	0.0	0.0	0.0	0.0	10.444568272149416	-75.39161037980729	5.0	1
13	0	3	16	0.0	0.0	0.0	0.0	10.444568349896034	-75.39154698510407	5.0	1
14	0	3	16	0.0	0.0	0.0	0.0	10.444059591778531	-75.39154634836298	5.0	1
15	0	3	16	0.0	0.0	0.0	0.0	10.444059669508693	-75.39148295376235	5.0	1
16	0	3	16	0.0	0.0	0.0	0.0	10.444025752300021	-75.39148291132098	5.0	1
17	0	3	16	0.0	0.0	0.0	0.0	10.444025830017342	-75.39141951672674	5.0	1
18	0	3	16	0.0	0.0	0.0	0.0	10.443957995599273	-75.39141943185818	5.0	1
19	0	3	16	0.0	0.0	0.0	0.0	10.443958073303493	-75.39135603727716	5.0	1
20	0	3	16	0.0	0.0	0.0	0.0	10.443924156094093	-75.39135599484997	5.0	1
21	0	3	16	0.0	0.0	0.0	0.0	10.44392423378547	-75.39129260027535	5.0	1
22	0	3	16	0.0	0.0	0.0	0.0	10.443856399365938	-75.39129251543515	5.0	1
23	0	3	16	0.0	0.0	0.0	0.0	10.44385647704421	-75.39122912087376	5.0	1
24	0	3	16	0.0	0.0	0.0	0.0	10.443822559834079	-75.39122907846077	5.0	1
25	0	3	16	0.0	0.0	0.0	0.0	10.44382263749951	-75.39116568390575	5.0	1
26	0	3	16	0.0	0.0	0.0	0.0	10.443754803078518	-75.39116559909392	5.0	1
27	0	3	16	0.0	0.0	0.0	0.0	10.443754880730848	-75.39110220455215	5.0	1
28	0	3	16	0.0	0.0	0.0	0.0	10.443720963519983	-75.39110216215333	5.0	1
29	0	3	16	0.0	0.0	0.0	0.0	10.44372104115947	-75.39103876761794	5.0	1
30	0	3	16	0.0	0.0	0.0	0.0	10.443653206737014	-75.39103868283446	5.0	1
31	0	3	16	0.0	0.0	0.0	0.0	10.443653284363405	-75.39097528831232	5.0	1
32	0	3	16	0.0	0.0	0.0	0.0	10.443619367151806	-75.39097524592766	5.0	1
33	0	3	16	0.0	0.0	0.0	0.0	10.443619444765353	-75.39091185141191	5.0	1
34	0	3	16	0.0	0.0	0.0	0.0	10.443551610341435	-75.3909117666568	5.0	1
35	0	3	16	0.0	0.0	0.0	0.0	10.443551687941882	-75.39084837215427	5.0	1
36	0	3	16	0.0	0.0	0.0	0.0	10.443517770729557	-75.39084832978381	5.0	1
37	0	3	16	0.0	0.0	0.0	0.0	10.44351854603928	-75.39021438479999	5.0	1
38	0	3	16	0.0	0.0	0.0	0.0	10.443517615516594	-75.3909751187746	5.0	1
39	0	3	16	0.0	0.0	0.0	0.0	10.443585449940139	-75.39097520354318	5.0	1
40	0	3	16	0.0	0.0	0.0	0.0	10.443585372314265	-75.39103859805157	5.0	1
41	0	3	16	0.0	0.0	0.0	0.0	10.443517537891235	-75.39103851326925	5.0	1
42	0	3	16	0.0	0.0	0.0	0.0	10.443517460253293	-75.39110190776341	5.0	1
43	0	3	16	0.0	0.0	0.0	0.0	10.443619211886961	-75.39110203495771	5.0	1
44	0	3	16	0.0	0.0	0.0	0.0	10.443619289525676	-75.39103864044294	5.0	1
45	0	3	16	0.0	0.0	0.0	0.0	10.443619211886961	-75.39110203495771	5.0	1
46	0	3	16	0.0	0.0	0.0	0.0	10.443687046309051	-75.39110211975463	5.0	1
47	0	3	16	0.0	0.0	0.0	0.0	10.443686968657234	-75.39116551428266	5.0	1
48	0	3	16	0.0	0.0	0.0	0.0	10.443517382602765	-75.39116530225708	5.0	1
49	0	3	16	0.0	0.0	0.0	0.0	10.443517304939652	-75.39122869675023	5.0	1
50	0	3	16	0.0	0.0	0.0	0.0	10.44372080820325	-75.39122895122262	5.0	1
51	0	3	16	0.0	0.0	0.0	0.0	10.44372088586791	-75.39116555668822	5.0	1
52	0	3	16	0.0	0.0	0.0	0.0	10.44372080820325	-75.39122895122262	5.0	1
53	0	3	16	0.0	0.0	0.0	0.0	10.443788642623876	-75.3912290360479	5.0	1
54	0	3	16	0.0	0.0	0.0	0.0	10.443788564946118	-75.39129243059554	5.0	1
55	0	3	16	0.0	0.0	0.0	0.0	10.443517227263955	-75.39129209124289	5.0	1
56	0	3	16	0.0	0.0	0.0	0.0	10.443686813315848	-75.39129230333721	5.0	1
57	0	3	16	0.0	0.0	0.0	0.0	10.443686735626278	-75.39135569786373	5.0	1
58	0	3	16	0.0	0.0	0.0	0.0	10.44382240446546	-75.39135586756929	5.0	1
59	0	3	16	0.0	0.0	0.0	0.0	10.443822482156062	-75.39129247301527	5.0	1
60	0	3	16	0.0	0.0	0.0	0.0	10.44382240446546	-75.39135586756929	5.0	1
61	0	3	16	0.0	0.0	0.0	0.0	10.443890238884618	-75.39135595242293	5.0	1
62	0	3	16	0.0	0.0	0.0	0.0	10.443890161180917	-75.39141934699019	5.0	1
63	0	3	16	0.0	0.0	0.0	0.0	10.44368665792412	-75.39141909238975	5.0	1
64	0	3	16	0.0	0.0	0.0	0.0	10.443686580209379	-75.3914824869153	5.0	1
65	0	3	16	0.0	0.0	0.0	0.0	10.443924000673587	-75.39148278399774	5.0	1
66	0	3	16	0.0	0.0	0.0	0.0	10.443924078390133	-75.3914193894241	5.0	1
67	0	3	16	0.0	0.0	0.0	0.0	10.443924000673587	-75.39148278399774	5.0	1
68	0	3	16	0.0	0.0	0.0	0.0	10.443991835091284	-75.39148286887975	5.0	1
69	0	3	16	0.0	0.0	0.0	0.0	10.443991757361639	-75.39154626346664	5.0	1
70	0	3	16	0.0	0.0	0.0	0.0	10.443415164806414	-75.39154554187127	5.0	1
71	0	3	16	0.0	0.0	0.0	0.0	10.443416794394155	-75.39021425789562	5.0	1
72	0	3	16	0.0	0.0	0.0	0.0	10.443348959963712	-75.39021417329343	5.0	1
73	0	3	16	0.0	0.0	0.0	0.0	10.443348882490655	-75.3902775677597	5.0	1
74	0	3	16	0.0	0.0	0.0	0.0	10.443382799705654	-75.39027761006759	5.0	1
75	0	3	16	0.0	0.0	0.0	0.0	10.443382722219757	-75.39034100454022	5.0	1
76	0	3	16	0.0	0.0	0.0	0.0	10.443348805005016	-75.39034096222545	5.0	1
77	0	3	16	0.0	0.0	0.0	0.0	10.443348727506791	-75.39040435669071	5.0	1
78	0	3	16	0.0	0.0	0.0	0.0	10.443382644721277	-75.39040439901235	5.0	1
79	0	3	16	0.0	0.0	0.0	0.0	10.44338256721021	-75.39046779348399	5.0	1
80	0	3	16	0.0	0.0	0.0	0.0	10.443348649995981	-75.39046775115547	5.0	1
81	0	3	16	0.0	0.0	0.0	0.0	10.443348572472587	-75.39053114561976	5.0	1
82	0	3	16	0.0	0.0	0.0	0.0	10.443382489686558	-75.39053118795512	5.0	1
83	0	3	16	0.0	0.0	0.0	0.0	10.443382412150322	-75.39059458242578	5.0	1
84	0	3	16	0.0	0.0	0.0	0.0	10.443348494936606	-75.39059454008353	5.0	1
85	0	3	16	0.0	0.0	0.0	0.0	10.443348417388046	-75.39065793454681	5.0	1
86	0	3	16	0.0	0.0	0.0	0.0	10.443382334601502	-75.39065797689592	5.0	1
87	0	3	16	0.0	0.0	0.0	0.0	10.443382257040096	-75.39072137136557	5.0	1
88	0	3	16	0.0	0.0	0.0	0.0	10.443348339826898	-75.39072132900957	5.0	1
89	0	3	16	0.0	0.0	0.0	0.0	10.443348262253163	-75.39078472347185	5.0	1
90	0	3	16	0.0	0.0	0.0	0.0	10.443382179466106	-75.39078476583474	5.0	1
91	0	3	16	0.0	0.0	0.0	0.0	10.443382101879534	-75.39084816030339	5.0	1
92	0	3	16	0.0	0.0	0.0	0.0	10.44334818466685	-75.39084811793364	5.0	1
93	0	3	16	0.0	0.0	0.0	0.0	10.443348107067948	-75.39091151239494	5.0	1
94	0	3	16	0.0	0.0	0.0	0.0	10.443382024280375	-75.39091155477155	5.0	1
95	0	3	16	0.0	0.0	0.0	0.0	10.44338194666863	-75.39097494923921	5.0	1
96	0	3	16	0.0	0.0	0.0	0.0	10.44334802945646	-75.39097490685572	5.0	1
97	0	3	16	0.0	0.0	0.0	0.0	10.44334795183239	-75.39103830131602	5.0	1
98	0	3	16	0.0	0.0	0.0	0.0	10.443381869044302	-75.39103834370637	5.0	1
99	0	3	16	0.0	0.0	0.0	0.0	10.44338179140739	-75.39110173817305	5.0	1
100	0	3	16	0.0	0.0	0.0	0.0	10.443347874195736	-75.3911016957758	5.0	1
101	0	3	16	0.0	0.0	0.0	0.0	10.443347796546496	-75.39116509023512	5.0	1
102	0	3	16	0.0	0.0	0.0	0.0	10.443381713757892	-75.39116513263922	5.0	1
103	0	3	16	0.0	0.0	0.0	0.0	10.443381636095811	-75.39122852710489	5.0	1
104	0	3	16	0.0	0.0	0.0	0.0	10.443347718884672	-75.39122848469391	5.0	1
105	0	3	16	0.0	0.0	0.0	0.0	10.443347641210265	-75.39129187915222	5.0	1
106	0	3	16	0.0	0.0	0.0	0.0	10.443381558421146	-75.39129192157006	5.0	1
107	0	3	16	0.0	0.0	0.0	0.0	10.443381480733894	-75.39135531603475	5.0	1
108	0	3	16	0.0	0.0	0.0	0.0	10.44334756352327	-75.39135527361002	5.0	1
109	0	3	16	0.0	0.0	0.0	0.0	10.443347485823692	-75.39141866806733	5.0	1
110	0	3	16	0.0	0.0	0.0	0.0	10.443381403034058	-75.39141871049893	5.0	1
111	0	3	16	0.0	0.0	0.0	0.0	10.443381325321639	-75.39148210496259	5.0	1
112	0	3	16	0.0	0.0	0.0	0.0	10.44334740811153	-75.39148206252413	5.0	1
113	0	3	16	0.0	0.0	0.0	0.0	10.443347330386786	-75.39154545698045	5.0	1
114	0	3	16	0.0	0.0	0.0	0.0	10.444161343403328	-75.39154647570858	5.0	1
115	0	3	16	0.0	0.0	0.0	0.0	10.444161421134263	-75.39148308108733	5.0	1
116	0	3	16	0.0	0.0	0.0	0.0	10.444568427630063	-75.39148359040036	5.0	1
117	0	3	16	0.0	0.0	0.0	0.0	10.444568505351508	-75.39142019569614	5.0	1
118	0	3	16	0.0	0.0	0.0	0.0	10.444161498852614	-75.3914196864656	5.0	1
119	0	3	16	0.0	0.0	0.0	0.0	10.444161576558379	-75.39135629184335	5.0	1
120	0	3	16	0.0	0.0	0.0	0.0	10.444127659349412	-75.3913562494153	5.0	1
121	0	3	16	0.0	0.0	0.0	0.0	10.444127737042335	-75.39129285479943	5.0	1
122	0	3	16	0.0	0.0	0.0	0.0	10.444195571460714	-75.39129293964196	5.0	1
123	0	3	16	0.0	0.0	0.0	0.0	10.444195493767275	-75.39135633427156	5.0	1
124	0	3	16	0.0	0.0	0.0	0.0	10.444568583060368	-75.39135680099143	5.0	1
125	0	3	16	0.0	0.0	0.0	0.0	10.44456866075664	-75.39129340628624	5.0	1
126	0	3	16	0.0	0.0	0.0	0.0	10.444229488669794	-75.39129298206343	5.0	1
127	0	3	16	0.0	0.0	0.0	0.0	10.444229566350902	-75.39122958742645	5.0	1
128	0	3	16	0.0	0.0	0.0	0.0	10.444127814722668	-75.39122946018307	5.0	1
129	0	3	16	0.0	0.0	0.0	0.0	10.444127892390421	-75.39116606556621	5.0	1
130	0	3	16	0.0	0.0	0.0	0.0	10.444093975180609	-75.39116602315892	5.0	1
131	0	3	16	0.0	0.0	0.0	0.0	10.444094052835515	-75.39110262854842	5.0	1
132	0	3	16	0.0	0.0	0.0	0.0	10.444161887255584	-75.39110271334943	5.0	1
133	0	3	16	0.0	0.0	0.0	0.0	10.444161809600162	-75.39116610797366	5.0	1
134	0	3	16	0.0	0.0	0.0	0.0	10.44426356122895	-75.39116623519686	5.0	1
135	0	3	16	0.0	0.0	0.0	0.0	10.444263483560169	-75.39122962984122	5.0	1
136	0	3	16	0.0	0.0	0.0	0.0	10.444568738440326	-75.39123001158053	5.0	1
137	0	3	16	0.0	0.0	0.0	0.0	10.444568816111426	-75.39116661687433	5.0	1
138	0	3	16	0.0	0.0	0.0	0.0	10.444297478438404	-75.3911662776049	5.0	1
139	0	3	16	0.0	0.0	0.0	0.0	10.444297556094858	-75.39110288295318	5.0	1
140	0	3	16	0.0	0.0	0.0	0.0	10.444195804465512	-75.39110275575014	5.0	1
141	0	3	16	0.0	0.0	0.0	0.0	10.444568893769942	-75.39110322216763	5.0	1
142	0	3	16	0.0	0.0	0.0	0.0	10.444568971415869	-75.39103982746043	5.0	1
143	0	3	16	0.0	0.0	0.0	0.0	10.444467219787482	-75.39103970027453	5.0	1
144	0	3	16	0.0	0.0	0.0	0.0	10.444501136997015	-75.39103974266969	5.0	1
145	0	3	16	0.0	0.0	0.0	0.0	10.444501214629842	-75.39097634797574	5.0	1
146	0	3	16	0.0	0.0	0.0	0.0	10.444569049049214	-75.39097643275274	5.0	1
147	0	3	16	0.0	0.0	0.0	0.0	10.44456912666997	-75.39091303804454	5.0	1
148	0	3	16	0.0	0.0	0.0	0.0	10.444501292250084	-75.39091295328129	5.0	1
149	0	3	16	0.0	0.0	0.0	0.0	10.444501369857742	-75.39084955858635	5.0	1
150	0	3	16	0.0	0.0	0.0	0.0	10.44456920427814	-75.39084964333587	5.0	1
151	0	3	16	0.0	0.0	0.0	0.0	10.444569281873722	-75.39078624862668	5.0	1
152	0	3	16	0.0	0.0	0.0	0.0	10.44450144745281	-75.39078616389091	5.0	1
153	0	3	16	0.0	0.0	0.0	0.0	10.444501525035292	-75.39072276919497	5.0	1
154	0	3	16	0.0	0.0	0.0	0.0	10.444569359456722	-75.390722853917	5.0	1
155	0	3	16	0.0	0.0	0.0	0.0	10.444569437027134	-75.3906594592068	5.0	1
156	0	3	16	0.0	0.0	0.0	0.0	10.44450160260519	-75.39065937449854	5.0	1
157	0	3	16	0.0	0.0	0.0	0.0	10.444501680162501	-75.3905959798016	5.0	1
158	0	3	16	0.0	0.0	0.0	0.0	10.44456951458496	-75.39059606449614	5.0	1
159	0	3	16	0.0	0.0	0.0	0.0	10.4445695921302	-75.39053266978496	5.0	1
160	0	3	16	0.0	0.0	0.0	0.0	10.444501757707227	-75.39053258510417	5.0	1
161	0	3	16	0.0	0.0	0.0	0.0	10.444501835239368	-75.39046919040625	5.0	1
162	0	3	16	0.0	0.0	0.0	0.0	10.444569669662854	-75.39046927507329	5.0	1
163	0	3	16	0.0	0.0	0.0	0.0	10.444569747182923	-75.39040588036113	5.0	1
164	0	3	16	0.0	0.0	0.0	0.0	10.444501912758922	-75.39040579570782	5.0	1
165	0	3	16	0.0	0.0	0.0	0.0	10.444501990265888	-75.39034240100891	5.0	1
166	0	3	16	0.0	0.0	0.0	0.0	10.444569824690404	-75.39034248564846	5.0	1
167	0	3	16	0.0	0.0	0.0	0.0	10.4445699021853	-75.3902790909353	5.0	1
168	0	3	16	0.0	0.0	0.0	0.0	10.44450206776027	-75.3902790063095	5.0	1
169	0	3	16	0.0	0.0	0.0	0.0	10.444502145242065	-75.39021561160959	5.0	1
170	0	3	16	0.0	0.0	0.0	0.0	10.44456997966761	-75.39021569622165	5.0	1
171	0	3	21	0.0	0.0	0.0	nan	10.445997	-75.391791	0.0	1
